RUNG 12 -64
0 PASS 70591620803961736737674069771642089059515454 2666584749013914942200988344621803664040065 70591620803961736737674069771642089059515454 2666584749013914942200988344621803664040065 0 0 0 0
1 PASS 35175100014506532822002306506361962915443892 1329068790342326817272500156827609884541377 35175100014506532822002306506361962915443892 1329068790342326817272500156827609884541377 0 0 0 0
2 PASS 35483970936224809705450054258204679534028976 41908595640294415529376878820456184531145803 35483970936224809705450054258204679534028976 41908595640294415529376878820456184531145803 0 0 0 0
3 PASS 17681853115264979073896379031060498284221879 41775887679793151607136929240139110093598368 17681853115264979073896379031060498284221879 41775887679793151607136929240139110093598368 0 0 0 0
4 PASS 17415964398015335801775342851826170253127065 21061461502532518032169812311886151978708310 17415964398015335801775342851826170253127065 21061461502532518032169812311886151978708310 0 0 0 0
5 PASS 70095653011463281662968606524694406383159636 1324620681660933731616589208008963300113987 70095653011463281662968606524694406383159636 1324620681660933731616589208008963300113987 0 0 0 0
6 PASS 34929608914094860666154928645207057314375073 1320468659700312303651627967978303252531639 34929608914094860666154928645207057314375073 1320468659700312303651627967978303252531639 0 0 0 0
7 PASS 17353371780747134720269962063483435752041273 20991308566562506295613722201643275674402390 17353371780747134720269962063483435752041273 20991308566562506295613722201643275674402390 0 0 0 0
8 PASS 34590699082752580146522334126202762763765418 20925914867748599436901616617203312011018855 34590699082752580146522334126202762763765418 20925914867748599436901616617203312011018855 0 0 0 0
9 PASS 35051327937154177164108321889432675510742591 2649246255738291700265999694301136620000044 35051327937154177164108321889432675510742591 2649246255738291700265999694301136620000044 0 0 0 0
10 PASS 34929749648516233769010060779511794406315859 1320381050697809734300702927067629280356595 34929749648516233769010060779511794406315859 1320381050697809734300702927067629280356595 0 0 0 0
11 PASS 17355139699006167777104825644667501114944510 41982733466981114175186152703558135125229550 17355139699006167777104825644667501114944510 41982733466981114175186152703558135125229550 0 0 0 0
12 PASS 8647698061068469610020212986313815628626265 83697992349260414259194925419985465910302925 8647698061068469610020212986313815628626265 83697992349260414259194925419985465910302925 0 0 0 0
13 PASS 17133877365955913237850214650504625146533845 663423948793081171835579331384301186691395 17133877365955913237850214650504625146533845 663423948793081171835579331384301186691395 0 0 0 0
14 PASS 4242036166501223220903722724413998088414657 10513851313993684361031958458461411369897187 4242036166501223220903722724413998088414657 10513851313993684361031958458461411369897187 0 0 0 0
15 PASS 70095653011463281662968606524694406383159636 2649243781689259474610391708387982156661839 70095653011463281662968606524694406383159636 2649243781689259474610391708387982156661839 0 0 0 0
16 PASS 34929608914094860666154928645207057314375073 1320468659700312303651627967978303252531639 34929608914094860666154928645207057314375073 1320468659700312303651627967978303252531639 0 0 0 0
17 PASS 17353371780747134720269962063483435752041273 41982694013917790973440219826207642767034375 17353371780747134720269962063483435752041273 41982694013917790973440219826207642767034375 0 0 0 0
18 PASS 17295325984753472129115233436843279794991812 20925914867748599436901616617203312011018855 17295325984753472129115233436843279794991812 20925914867748599436901616617203312011018855 0 0 0 0
19 PASS 34261133933170235812652629490924171921653413 663338231811311811644955948477629874721420 34261133933170235812652629490924171921653413 663338231811311811644955948477629874721420 0 0 0 0
20 PASS 17230665235831418433867128997212914491889482 41708178725535020439641475006406199834603473 17230665235831418433867128997212914491889482 41708178725535020439641475006406199834603473 0 0 0 0
21 PASS 34347727763542483661524323683541785936339818 41579597660594965405691066976754158340274891 34347727763542483661524323683541785936339818 41579597660594965405691066976754158340274891 0 0 0 0
22 PASS 17133877365955913237850214650504625146533845 1326850288312307508634249612549919387457426 17133877365955913237850214650504625146533845 1326850288312307508634249612549919387457426 0 0 0 0
23 PASS 16968192532324872650868590659414001106960517 21027778626047458439947050005266143696894812 16968192532324872650868590659414001106960517 21027778626047458439947050005266143696894812 0 0 0 0
24 PASS 17013080541895412624344966454208021316979619 659129824632622754956127222659761041616103 17013080541895412624344966454208021316979619 659129824632622754956127222659761041616103 0 0 0 0
25 PASS 16849505873041307967596103575408937243497173 41784712406215071242274501354942666637401103 16849505873041307967596103575408937243497173 41784712406215071242274501354942666637401103 0 0 0 0
26 PASS 70102515779068584407641903702766413226472630 2649528142534754954281396482535387652207145 70102515779068584407641903702766413226472630 2649528142534754954281396482535387652207145 0 0 0 0
27 PASS 34924319802829613369049905298185404947987145 1320379279170239201300628372789760053375992 34924319802829613369049905298185404947987145 1320379279170239201300628372789760053375992 0 0 0 0
28 PASS 17355105165888773285947027559264524153716355 41987209427302226242675882062058185728480101 17355105165888773285947027559264524153716355 41987209427302226242675882062058185728480101 0 0 0 0
29 PASS 8646350980061569819440882637862453786019564 20924469645422975768006200039611790666645225 8646350980061569819440882637862453786019564 20924469645422975768006200039611790666645225 0 0 0 0
30 PASS 17133877365955913237850214650504625146533845 1326850288312307508634249612549919387457426 17133877365955913237850214650504625146533845 1326850288312307508634249612549919387457426 0 0 0 0
31 PASS 16968192532324872650868590659414001106960517 21027778626047458439947050005266143696894812 16968192532324872650868590659414001106960517 21027778626047458439947050005266143696894812 0 0 0 0
32 PASS 34261133933170235812652629490924171921653413 663338231811311811644955948477629874721420 34261133933170235812652629490924171921653413 663338231811311811644955948477629874721420 0 0 0 0
33 PASS 17234122644276389236581963369379657148875107 41712723729317024034976258547187282825391302 17234122644276389236581963369379657148875107 41712723729317024034976258547187282825391302 0 0 0 0
34 PASS 8585668331868286629557480524168471397284644 83147898483974829711670659094994204012261822 8585668331868286629557480524168471397284644 83147898483974829711670659094994204012261822 0 0 0 0
35 PASS 17013080541895412624344966454208021316979619 659129824632622754956127222659761041616103 17013080541895412624344966454208021316979619 659129824632622754956127222659761041616103 0 0 0 0
36 PASS 16849505873041307967596103575408937243497173 41784712406215071242274501354942666637401103 16849505873041307967596103575408937243497173 41784712406215071242274501354942666637401103 0 0 0 0
37 PASS 17133877365955913237850214650504625146533845 663423948793081171835579331384301186691395 17133877365955913237850214650504625146533845 663423948793081171835579331384301186691395 0 0 0 0
38 PASS 4242036166501223220903722724413998088414657 10513851313993684361031958458461411369897187 4242036166501223220903722724413998088414657 10513851313993684361031958458461411369897187 0 0 0 0
39 PASS 17013080541895412624344966454208021316979619 659129824632622754956127222659761041616103 17013080541895412624344966454208021316979619 659129824632622754956127222659761041616103 0 0 0 0
40 PASS 16849505873041307967596103575408937243497173 41784712406215071242274501354942666637401103 16849505873041307967596103575408937243497173 41784712406215071242274501354942666637401103 0 0 0 0
41 PASS 17013080541895412624344966454208021316979619 659129824632622754956127222659761041616103 17013080541895412624344966454208021316979619 659129824632622754956127222659761041616103 0 0 0 0
42 PASS 16849505873041307967596103575408937243497173 41784712406215071242274501354942666637401103 16849505873041307967596103575408937243497173 41784712406215071242274501354942666637401103 0 0 0 0
43 PASS 8447318774371127416743187169384063382068878 654901776160332805356344103396636218371374 8447318774371127416743187169384063382068878 654901776160332805356344103396636218371374 0 0 0 0
44 PASS 16733232467281056550391383607371060597280267 41518264696398917002933865412054351095114092 16733232467281056550391383607371060597280267 41518264696398917002933865412054351095114092 0 0 0 0
45 PASS 70263734160635245991456067339559829929331413 41501053819441824526013289248379649576691779 70263734160635245991456067339559829929331413 41501053819441824526013289248379649576691779 0 0 0 0
46 PASS 70027334699641131901554919798787807772162705 41370360781322306981267991485158730646875289 70027334699641131901554919798787807772162705 41370360781322306981267991485158730646875289 0 0 0 0
47 PASS 70027334699641131901554919798787807772162705 41370360781322306981267991485158730646875289 70027334699641131901554919798787807772162705 41370360781322306981267991485158730646875289 0 0 0 0
48 PASS 34896728443829839409914698753290834853411693 20620407715404990721826228096042495161487622 34896728443829839409914698753290834853411693 20620407715404990721826228096042495161487622 0 0 0 0
49 PASS 17389140270819160369954604282033686186275617 20546370991001350882968038183405297108003821 17389140270819160369954604282033686186275617 20546370991001350882968038183405297108003821 0 0 0 0
50 PASS 8665529073061679403687519331351326244730426 20482019042815176901706838776507056439262079 8665529073061679403687519331351326244730426 20482019042815176901706838776507056439262079 0 0 0 0
51 PASS 8665529073061679403687519331351326244730426 20482019042815176901706838776507056439262079 8665529073061679403687519331351326244730426 20482019042815176901706838776507056439262079 0 0 0 0
52 PASS 8636804359212896816328134745254625915249365 10209121333739191055263250209048665418430915 8636804359212896816328134745254625915249365 10209121333739191055263250209048665418430915 0 0 0 0
53 PASS 68727873555960334245064002051802686273547624 20788249774900897944621753892745375687188637 68727873555960334245064002051802686273547624 20788249774900897944621753892745375687188637 0 0 0 0
54 PASS 34250033821021652309762130991701970362741887 20723881363102239073657257894300786469917264 34250033821021652309762130991701970362741887 20723881363102239073657257894300786469917264 0 0 0 0
55 PASS 17271483583390666734699535874031280214397375 20414053796973376974713942052128030535227004 17271483583390666734699535874031280214397375 20414053796973376974713942052128030535227004 0 0 0 0
56 PASS 8606474367353252424385466152980593189463878 81397488340130724445319948590447447469741497 8606474367353252424385466152980593189463878 81397488340130724445319948590447447469741497 0 0 0 0
57 PASS 16953857317057786442903026546534301047061464 10260720234437546382416123494310972865156486 16953857317057786442903026546534301047061464 10260720234437546382416123494310972865156486 0 0 0 0
58 PASS 34367506682187543932427586562224516571964877 41576653440703210187119278918573988766513310 34367506682187543932427586562224516571964877 41576653440703210187119278918573988766513310 0 0 0 0
59 PASS 34250080025614596382110362959068127458130057 20722449746411431668153242625685858746866082 34250080025614596382110362959068127458130057 20722449746411431668153242625685858746866082 0 0 0 0
60 PASS 17271483583390666734699535874031280214397375 20414053796973376974713942052128030535227004 17271483583390666734699535874031280214397375 20414053796973376974713942052128030535227004 0 0 0 0
61 PASS 17214729361664233274835218580674273102675254 20350927041526601186702079123706592404041165 17214729361664233274835218580674273102675254 20350927041526601186702079123706592404041165 0 0 0 0
62 PASS 4238464310581669081279879675041083456518235 82079976855550420324309095684126261751249706 4238464310581669081279879675041083456518235 82079976855550420324309095684126261751249706 0 0 0 0
63 PASS 34132869290513705842236943746339012741174874 20655878633510784466816914706142450238772195 34132869290513705842236943746339012741174874 20655878633510784466816914706142450238772195 0 0 0 0
64 PASS 34017986557354670883004628243976513933765249 20591165298084928257298270451325947048428779 34017986557354670883004628243976513933765249 20591165298084928257298270451325947048428779 0 0 0 0
65 PASS 4224071919571930165825031149512114369319783 10227216095361580212814894452269625032231573 4224071919571930165825031149512114369319783 10227216095361580212814894452269625032231573 0 0 0 0
66 PASS 16839889485495092818285965380463595134463834 81562880157696637473051497248381204580153741 16839889485495092818285965380463595134463834 81562880157696637473051497248381204580153741 0 0 0 0
67 PASS 68727873555960334245064002051802686273547624 41576614117746299342010448631527213423367579 68727873555960334245064002051802686273547624 41576614117746299342010448631527213423367579 0 0 0 0
68 PASS 34249940200344837547281935686627011567909529 20723881363102239073657257894300786469917264 34249940200344837547281935686627011567909529 20723881363102239073657257894300786469917264 0 0 0 0
69 PASS 17271450441185107864824266742271520058899599 20416363030682334363821126356125207465963211 17271450441185107864824266742271520058899599 20416363030682334363821126356125207465963211 0 0 0 0
70 PASS 8605167502010197952640628531005344955319462 20349419971333843595756550642012723597336531 8605167502010197952640628531005344955319462 20349419971333843595756550642012723597336531 0 0 0 0
71 PASS 8476893774726078888320312353707208094918097 10260720234437546382416123494310972865156486 8476893774726078888320312353707208094918097 10260720234437546382416123494310972865156486 0 0 0 0
72 PASS 68245234673008627609453035127702278351634726 20653033562288526373661938584042339933109613 68245234673008627609453035127702278351634726 20653033562288526373661938584042339933109613 0 0 0 0
73 PASS 34011166459590226534985782524284304115787000 20589772078709961440746419129702086014082589 34011166459590226534985782524284304115787000 20589772078709961440746419129702086014082589 0 0 0 0
74 PASS 4222777652542109351576299149373824371417818 40903115648973235703994937690097166212968416 4222777652542109351576299149373824371417818 40903115648973235703994937690097166212968416 0 0 0 0
75 PASS 16836445450797832835252123899047284083718104 40778624210329776842105985969311327423513879 16836445450797832835252123899047284083718104 40778624210329776842105985969311327423513879 0 0 0 0
76 PASS 34133056566086022439522986355845090704322918 41312100920157663032675914026233887537867549 34133056566086022439522986355845090704322918 41312100920157663032675914026233887537867549 0 0 0 0
77 PASS 17009040103300714600577031689688535853386118 20591279832728332350312877341952453636763091 17009040103300714600577031689688535853386118 20591279832728332350312877341952453636763091 0 0 0 0
78 PASS 8448213617590742912635871834209449805881442 20454659792494342003989138699519580140558433 8448213617590742912635871834209449805881442 20454659792494342003989138699519580140558433 0 0 0 0
79 PASS 8419979635290375121928811043414425308523301 81563486998117680828652611835235164378075874 8419979635290375121928811043414425308523301 81563486998117680828652611835235164378075874 0 0 0 0
80 PASS 16684962596756994581680694043518959919103063 10346042477112642403122152785014315446043492 16684962596756994581680694043518959919103063 10346042477112642403122152785014315446043492 0 0 0 0
81 PASS 8390116822117323875223146884339640828538696 40647119472728448114652521836048073947941373 8390116822117323875223146884339640828538696 40647119472728448114652521836048073947941373 0 0 0 0
82 PASS 16725034068754696464828515597968203086619168 81043722834835897270585446337610082957150719 16725034068754696464828515597968203086619168 81043722834835897270585446337610082957150719 0 0 0 0
83 PASS 68734877165277660111327815673249675980602925 41581095608056843697276059134004038497572632 68734877165277660111327815673249675980602925 41581095608056843697276059134004038497572632 0 0 0 0
84 PASS 34244732525427883349873507970814465597958038 20722421208412714727174414595097231502155329 34244732525427883349873507970814465597958038 20722421208412714727174414595097231502155329 0 0 0 0
85 PASS 17271450441185107864824266742271520058899599 20416363030682334363821126356125207465963211 17271450441185107864824266742271520058899599 20416363030682334363821126356125207465963211 0 0 0 0
86 PASS 8607313736901414642681690105325252535299801 20353156782571397083975545196479532292540531 8607313736901414642681690105325252535299801 20353156782571397083975545196479532292540531 0 0 0 0
87 PASS 4237800890498574295786120073397335266859035 10259982790560425063081107038667314216194878 4237800890498574295786120073397335266859035 10259982790560425063081107038667314216194878 0 0 0 0
88 PASS 68265976597405302880806816528927078472227724 20658209279621484317265070813132555218528550 68265976597405302880806816528927078472227724 20658209279621484317265070813132555218528550 0 0 0 0
89 PASS 34012836881330309606436281351703211495543261 20591250728519304785342468944426386127777875 34012836881330309606436281351703211495543261 20591250728519304785342468944426386127777875 0 0 0 0
90 PASS 8448196791134920232584231805498080213896886 10228391669047163092292040279314255360221249 8448196791134920232584231805498080213896886 10228391669047163092292040279314255360221249 0 0 0 0
91 PASS 16837380702414472545054855522601444442826344 10195421276154096343309933690132890379499364 16837380702414472545054855522601444442826344 10195421276154096343309933690132890379499364 0 0 0 0
92 PASS 34129601237524874862705391950292885031920509 41310616023981679588613686492187968834438919 34129601237524874862705391950292885031920509 41310616023981679588613686492187968834438919 0 0 0 0
93 PASS 34006105210316679571564805665979438905609417 20586918065569401886968689376699647681765077 34006105210316679571564805665979438905609417 20586918065569401886968689376699647681765077 0 0 0 0
94 PASS 8447318381621179306059899813110522760244862 40907668379657613490068586141915905376125381 8447318381621179306059899813110522760244862 40907668379657613490068586141915905376125381 0 0 0 0
95 PASS 2104238923243695576068885373966619306570111 81545714747279736153577588677740769067164686 2104238923243695576068885373966619306570111 81545714747279736153577588677740769067164686 0 0 0 0
96 PASS 16684962596756994581680694043518959919103063 10346042477112642403122152785014315446043492 16684962596756994581680694043518959919103063 10346042477112642403122152785014315446043492 0 0 0 0
97 PASS 8390978185855456065400342088097713923699675 40651470178102671581434475817204739908424065 8390978185855456065400342088097713923699675 40651470178102671581434475817204739908424065 0 0 0 0
98 PASS 16722506166490960605366889222113122384443335 81037976397469903497483099555436835288075504 16722506166490960605366889222113122384443335 81037976397469903497483099555436835288075504 0 0 0 0
99 PASS 68265602045511547849865847015014184391291554 41316304020486021905323033286515932660584810 68265602045511547849865847015014184391291554 41316304020486021905323033286515932660584810 0 0 0 0
100 PASS 17006277944752996511649203942607224548144180 10295568096857006774834077571059756983960095 17006277944752996511649203942607224548144180 10295568096857006774834077571059756983960095 0 0 0 0
101 PASS 8448127012549057265520982273402848025834989 20456707478994170713309856188228731003883689 8448127012549057265520982273402848025834989 20456707478994170713309856188228731003883689 0 0 0 0
102 PASS 4209292828556895502635511425484286749671538 5097672710496424925727821784750998495210686 4209292828556895502635511425484286749671538 5097672710496424925727821784750998495210686 0 0 0 0
103 PASS 16684962596756994581680694043518959919103063 10346042477112642403122152785014315446043492 16684962596756994581680694043518959919103063 10346042477112642403122152785014315446043492 0 0 0 0
104 PASS 8390099657274474696121256348676030980081319 40651508348028848045227073095232291988351717 8390099657274474696121256348676030980081319 40651508348028848045227073095232291988351717 0 0 0 0
105 PASS 16722390931269682664191826793926563857169461 40521802901104791902322038181514500187982130 16722390931269682664191826793926563857169461 40521802901104791902322038181514500187982130 0 0 0 0
106 PASS 16684962596756994581680694043518959919103063 10346042477112642403122152785014315446043492 16684962596756994581680694043518959919103063 10346042477112642403122152785014315446043492 0 0 0 0
107 PASS 8390978185855456065400342088097713923699675 40651621873144403069758392102046197985136670 8390978185855456065400342088097713923699675 40651621873144403069758392102046197985136670 0 0 0 0
108 PASS 8361218174423842631492873667068690235421430 81037976397469903497483099555436835288075504 8361218174423842631492873667068690235421430 81037976397469903497483099555436835288075504 0 0 0 0
109 PASS 16570826181424199206633881459397991248335779 10280453921793592103843433722794377206197135 16570826181424199206633881459397991248335779 10280453921793592103843433722794377206197135 0 0 0 0
110 PASS 8203735994326136050057821286196286259773976 40724453095012541157509039869284685490323381 8203735994326136050057821286196286259773976 40724453095012541157509039869284685490323381 0 0 0 0
111 PASS 34250345662415764549212928770877009933739058 1326392791017139232154066466657602210164780 34250345662415764549212928770877009933739058 1326392791017139232154066466657602210164780 0 0 0 0
112 PASS 17225395117756121972058971363266911330173886 41698979281361629721315609413991845992328801 17225395117756121972058971363266911330173886 41698979281361629721315609413991845992328801 0 0 0 0
113 PASS 17168623107899659385340250974263761467659096 20785242598506312141802632983599428341122565 17168623107899659385340250974263761467659096 20785242598506312141802632983599428341122565 0 0 0 0
114 PASS 33980958882937633543771098752370930360073311 1317074868544226039177638169322366895417417 33980958882937633543771098752370930360073311 1317074868544226039177638169322366895417417 0 0 0 0
115 PASS 8413454225143565248917403735698331867850609 20873403846367815963806259987730852695789843 8413454225143565248917403735698331867850609 20873403846367815963806259987730852695789843 0 0 0 0
116 PASS 34015393547175647198940416507333976929920512 1317974156357960627354419519846096868622198 34015393547175647198940416507333976929920512 1317974156357960627354419519846096868622198 0 0 0 0
117 PASS 8422057567183209218994646408876424245948957 20887784586528040523680750075083840658691937 8422057567183209218994646408876424245948957 20887784586528040523680750075083840658691937 0 0 0 0
118 PASS 16875382939948445631022665770259947818791593 654394868545587426908232970299649089788893 16875382939948445631022665770259947818791593 654394868545587426908232970299649089788893 0 0 0 0
119 PASS 4178492366890078051790610022856859723317467 10371453810544821769305362286948136224037408 4178492366890078051790610022856859723317467 10371453810544821769305362286948136224037408 0 0 0 0
120 PASS 34002508844395557227195617820778522001028067 1317640732861711713673113080647557571045207 34002508844395557227195617820778522001028067 1317640732861711713673113080647557571045207 0 0 0 0
121 PASS 8418800804633911765863436138318397331614476 20882389716149628511899953315070819441999286 8418800804633911765863436138318397331614476 20882389716149628511899953315070819441999286 0 0 0 0
122 PASS 33731960881302943751249504869818590089734662 654151734939793328340545007920402330258822 33731960881302943751249504869818590089734662 654151734939793328340545007920402330258822 0 0 0 0
123 PASS 8352229824756382968716624453822784018280249 41470073274278167046297025831667332999758583 8352229824756382968716624453822784018280249 41470073274278167046297025831667332999758583 0 0 0 0
124 PASS 16886136648278695579687970339757300728875656 1309356841232987509879939875621320155596343 16886136648278695579687970339757300728875656 1309356841232987509879939875621320155596343 0 0 0 0
125 PASS 16724689006732936436343493857440737951056917 20751951053625045700186634568515440518147003 16724689006732936436343493857440737951056917 20751951053625045700186634568515440518147003 0 0 0 0
126 PASS 4095065325056706343803467176761193816649891 655314708631567144865112738436427984297652 4095065325056706343803467176761193816649891 655314708631567144865112738436427984297652 0 0 0 0
127 PASS 34015393547175647198940416507333976929920512 1317978938346053981000203741612122035451515 34015393547175647198940416507333976929920512 1317978938346053981000203741612122035451515 0 0 0 0
128 PASS 8422105472939536726905179333988792232208547 20887936594360997178163099527137257782557699 8422105472939536726905179333988792232208547 20887936594360997178163099527137257782557699 0 0 0 0
129 PASS 16875382939948445631022665770259947818791593 1308796912590805251502458247500241123558063 16875382939948445631022665770259947818791593 1308796912590805251502458247500241123558063 0 0 0 0
130 PASS 16714113357526752395960298013019405836350452 20743135705158591126764833396852906550726558 16714113357526752395960298013019405836350452 20743135705158591126764833396852906550726558 0 0 0 0
131 PASS 33778530431230539556571304293976671553953984 654760542153932545802738853227456911189828 33778530431230539556571304293976671553953984 654760542153932545802738853227456911189828 0 0 0 0
132 PASS 8363950602501683371753368790419107612274498 41509293764084759334725778881506676407272041 8363950602501683371753368790419107612274498 41509293764084759334725778881506676407272041 0 0 0 0
133 PASS 2048311918412893187947207212326292524121924 655475393855557691165893205692200087001806 2048311918412893187947207212326292524121924 655475393855557691165893205692200087001806 0 0 0 0
134 PASS 16886136648278695579687970339757300728875656 654679616017313076442886787297526752695221 16886136648278695579687970339757300728875656 654679616017313076442886787297526752695221 0 0 0 0
135 PASS 8362368469725530205619081324847715815816100 20752027048794657606010730346137753177029064 8362368469725530205619081324847715815816100 20752027048794657606010730346137753177029064 0 0 0 0
136 PASS 4095065325056706343803467176761193816649891 655319438400609782788424625978872232825359 4095065325056706343803467176761193816649891 655319438400609782788424625978872232825359 0 0 0 0
137 PASS 4099332709973506676305005785480007121698334 655753673358864707838348326375837807593212 4099332709973506676305005785480007121698334 655753673358864707838348326375837807593212 0 0 0 0
138 PASS 2033624595447284815620255059176886299320488 651207148328788221821372356641142328524202 2033624595447284815620255059176886299320488 651207148328788221821372356641142328524202 0 0 0 0
139 PASS 68224311988797192504523311586239724460173282 41296897913360529926958196408153052898475562 68224311988797192504523311586239724460173282 41296897913360529926958196408153052898475562 0 0 0 0
140 PASS 34000810472220071625825587270725993369877423 20585249813815643560616563916679816391963568 34000810472220071625825587270725993369877423 20585249813815643560616563916679816391963568 0 0 0 0
141 PASS 8442959359715773791256307702112045036192769 20446988149967839953537476322342290564748205 8442959359715773791256307702112045036192769 20446988149967839953537476322342290564748205 0 0 0 0
142 PASS 8415664634098349258101361019018102707653375 10192411686275442434012250270475515186961675 8415664634098349258101361019018102707653375 10192411686275442434012250270475515186961675 0 0 0 0
143 PASS 33324736064562538574714648379689977707332956 20673136742428410077012956840183461192870950 33324736064562538574714648379689977707332956 20673136742428410077012956840183461192870950 0 0 0 0
144 PASS 8378082680811400131783105720445937688962295 10152114407245141868700354886847045478485812 8378082680811400131783105720445937688962295 10152114407245141868700354886847045478485812 0 0 0 0
145 PASS 16702859668351663871143040043776779979309841 10121617784743383807206028662136442748319793 16702859668351663871143040043776779979309841 10121617784743383807206028662136442748319793 0 0 0 0
146 PASS 33359129589747617527347173747796614188946500 20687509673971062555866960331154996087019330 33359129589747617527347173747796614188946500 20687509673971062555866960331154996087019330 0 0 0 0
147 PASS 8387456348650786872764582053282845194164228 20318847324027715263028196159647149910010131 8387456348650786872764582053282845194164228 20318847324027715263028196159647149910010131 0 0 0 0
148 PASS 8359894672646844429986606020771590030718965 81025198950986709930025498344967675039659457 8359894672646844429986606020771590030718965 81025198950986709930025498344967675039659457 0 0 0 0
149 PASS 16551554236170404775060433701955685268488724 10272339767823265588346395301264706593310691 16551554236170404775060433701955685268488724 10272339767823265588346395301264706593310691 0 0 0 0
150 PASS 2048523818676756439831363017897873955406666 5086498691996335460569895292646532358044246 2048523818676756439831363017897873955406666 5086498691996335460569895292646532358044246 0 0 0 0
151 PASS 33345961610079958392251226984165775352381913 20682055521321194717491573582144987644739940 33345961610079958392251226984165775352381913 20682055521321194717491573582144987644739940 0 0 0 0
152 PASS 8383267235088333278467690273174167814759504 20313269252908210533824054315271018401084566 8383267235088333278467690273174167814759504 20313269252908210533824054315271018401084566 0 0 0 0
153 PASS 8356573386936847571494241443646813370523699 20252189842623327743050252169056073287725777 8356573386936847571494241443646813370523699 20252189842623327743050252169056073287725777 0 0 0 0
154 PASS 33083876365368236788485474904863754004724247 10268359535124290557466257618609292612446844 33083876365368236788485474904863754004724247 10268359535124290557466257618609292612446844 0 0 0 0
155 PASS 2047308664487119675849966450524078156336413 40675892068999195117454987837256425013335798 2047308664487119675849966450524078156336413 40675892068999195117454987837256425013335798 0 0 0 0
156 PASS 16562240428484043055372989133039625641854725 20553693107009818899495243177934726253276402 16562240428484043055372989133039625641854725 20553693107009818899495243177934726253276402 0 0 0 0
157 PASS 8199422101075736534628476956892166722825799 20354978840875494516778229426039088939084390 8199422101075736534628476956892166722825799 20354978840875494516778229426039088939084390 0 0 0 0
158 PASS 16433542241647309555563750342196401499806992 10205229704545602881527413454966399330059072 16433542241647309555563750342196401499806992 10205229704545602881527413454966399330059072 0 0 0 0
159 PASS 8136112454745495870077031010369908970231403 40427487384222063178523666232355343866452068 8136112454745495870077031010369908970231403 40427487384222063178523666232355343866452068 0 0 0 0
160 PASS 33359510339873766794011710437147933153194363 20687736176585317348431116357692681991397142 33359510339873766794011710437147933153194363 20687736176585317348431116357692681991397142 0 0 0 0
161 PASS 8387579128639628447001810418213332450140007 20321345974366594098405252162117311961386187 8387579128639628447001810418213332450140007 20321345974366594098405252162117311961386187 0 0 0 0
162 PASS 8358712218765361650350729564831476460542531 10128286695230137925774528488204538903396009 8358712218765361650350729564831476460542531 10128286695230137925774528488204538903396009 0 0 0 0
163 PASS 16551840126571029285176470146903264904763127 20545019386130119353081878700316278102462550 16551840126571029285176470146903264904763127 20545019386130119353081878700316278102462550 0 0 0 0
164 PASS 8194308296831801810982878698857830986100334 10173222448397183278739893279907476649259199 8194308296831801810982878698857830986100334 10173222448397183278739893279907476649259199 0 0 0 0
165 PASS 33131070530212689401503724343839391276633644 10278227980861267970037558017720799207220643 33131070530212689401503724343839391276633644 10278227980861267970037558017720799207220643 0 0 0 0
166 PASS 4100555177019165136854818533029590550971078 40715615641424526304331036657770154279164441 4100555177019165136854818533029590550971078 40715615641424526304331036657770154279164441 0 0 0 0
167 PASS 16439957735608587382395652015708044245596919 10207918722007208097754160888858484369128615 16439957735608587382395652015708044245596919 10207918722007208097754160888858484369128615 0 0 0 0
168 PASS 8139402079948783326640043741036033169562021 40438508682833148981191533116855952188935980 8139402079948783326640043741036033169562021 40438508682833148981191533116855952188935980 0 0 0 0
169 PASS 16562335664346079679661149287102284488531083 10276903170724948041370006732681241899736996 16562335664346079679661149287102284488531083 10276903170724948041370006732681241899736996 0 0 0 0
170 PASS 4099746531467710079254117268744039845297640 20355128818693909118590597986577482340094498 4099746531467710079254117268744039845297640 20355128818693909118590597986577482340094498 0 0 0 0
171 PASS 16433732942201514488828325534777875168256485 10205342973505854011518526456567040842327488 16433732942201514488828325534777875168256485 10205342973505854011518526456567040842327488 0 0 0 0
172 PASS 8136254541693860462583769826873684506419024 40428087459595618605021729106875516579037574 8136254541693860462583769826873684506419024 40428087459595618605021729106875516579037574 0 0 0 0
173 PASS 16450524626666698340322192472334042839747351 10212358607525284714644950635228536167617198 16450524626666698340322192472334042839747351 10212358607525284714644950635228536167617198 0 0 0 0
174 PASS 8144645753779804737874337691250511263265599 40456135673945106876141167720415107919167543 8144645753779804737874337691250511263265599 40456135673945106876141167720415107919167543 0 0 0 0
175 PASS 3989476562587019630212445911390260729992593 10223068930595789212400251567836292157751525 3989476562587019630212445911390260729992593 10223068930595789212400251567836292157751525 0 0 0 0
176 PASS 34250345662415764549212928770877009933739058 1326392791017139232154066466657602210164780 34250345662415764549212928770877009933739058 1326392791017139232154066466657602210164780 0 0 0 0
177 PASS 17228843263818794912527384747710696115584885 41699212513403640561717899461033366245282875 17228843263818794912527384747710696115584885 41699212513403640561717899461033366245282875 0 0 0 0
178 PASS 17168716650902388116803382999940628422728033 41564970338201696141741084976036641889129258 17168716650902388116803382999940628422728033 41564970338201696141741084976036641889129258 0 0 0 0
179 PASS 34015393547175647198940416507333976929920512 1317974156357960627354419519846096868622198 34015393547175647198940416507333976929920512 1317974156357960627354419519846096868622198 0 0 0 0
180 PASS 8422057567183209218994646408876424245948957 20887784586528040523680750075083840658691937 8422057567183209218994646408876424245948957 20887784586528040523680750075083840658691937 0 0 0 0
181 PASS 33980958882937633543771098752370930360073311 1317074868544226039177638169322366895417417 33980958882937633543771098752370930360073311 1317074868544226039177638169322366895417417 0 0 0 0
182 PASS 8413454225143565248917403735698331867850609 20873403846367815963806259987730852695789843 8413454225143565248917403735698331867850609 20873403846367815963806259987730852695789843 0 0 0 0
183 PASS 16875382939948445631022665770259947818791593 654394868545587426908232970299649089788893 16875382939948445631022665770259947818791593 654394868545587426908232970299649089788893 0 0 0 0
184 PASS 4178492366890078051790610022856859723317467 10371453810544821769305362286948136224037408 4178492366890078051790610022856859723317467 10371453810544821769305362286948136224037408 0 0 0 0
185 PASS 34015393547175647198940416507333976929920512 1317978938346053981000203741612122035451515 34015393547175647198940416507333976929920512 1317978938346053981000203741612122035451515 0 0 0 0
186 PASS 8422105472939536726905179333988792232208547 20887936594360997178163099527137257782557699 8422105472939536726905179333988792232208547 20887936594360997178163099527137257782557699 0 0 0 0
187 PASS 33778530431230539556571304293976671553953984 654760542153932545802738853227456911189828 33778530431230539556571304293976671553953984 654760542153932545802738853227456911189828 0 0 0 0
188 PASS 8363950602501683371753368790419107612274498 41509293764084759334725778881506676407272041 8363950602501683371753368790419107612274498 41509293764084759334725778881506676407272041 0 0 0 0
189 PASS 16875382939948445631022665770259947818791593 1308796912590805251502458247500241123558063 16875382939948445631022665770259947818791593 1308796912590805251502458247500241123558063 0 0 0 0
190 PASS 16714113357526752395960298013019405836350452 20743135705158591126764833396852906550726558 16714113357526752395960298013019405836350452 20743135705158591126764833396852906550726558 0 0 0 0
191 PASS 2048311918412893187947207212326292524121924 655475393855557691165893205692200087001806 2048311918412893187947207212326292524121924 655475393855557691165893205692200087001806 0 0 0 0
192 PASS 34002508844395557227195617820778522001028067 1317640732861711713673113080647557571045207 34002508844395557227195617820778522001028067 1317640732861711713673113080647557571045207 0 0 0 0
193 PASS 8418800804633911765863436138318397331614476 20882389716149628511899953315070819441999286 8418800804633911765863436138318397331614476 20882389716149628511899953315070819441999286 0 0 0 0
194 PASS 16886136648278695579687970339757300728875656 1309356841232987509879939875621320155596343 16886136648278695579687970339757300728875656 1309356841232987509879939875621320155596343 0 0 0 0
195 PASS 16724689006732936436343493857440737951056917 20751951053625045700186634568515440518147003 16724689006732936436343493857440737951056917 20751951053625045700186634568515440518147003 0 0 0 0
196 PASS 33731960881302943751249504869818590089734662 654151734939793328340545007920402330258822 33731960881302943751249504869818590089734662 654151734939793328340545007920402330258822 0 0 0 0
197 PASS 8352229824756382968716624453822784018280249 41470073274278167046297025831667332999758583 8352229824756382968716624453822784018280249 41470073274278167046297025831667332999758583 0 0 0 0
198 PASS 4095065325056706343803467176761193816649891 655314708631567144865112738436427984297652 4095065325056706343803467176761193816649891 655314708631567144865112738436427984297652 0 0 0 0
199 PASS 16886136648278695579687970339757300728875656 654679616017313076442886787297526752695221 16886136648278695579687970339757300728875656 654679616017313076442886787297526752695221 0 0 0 0
200 PASS 8362368469725530205619081324847715815816100 20752027048794657606010730346137753177029064 8362368469725530205619081324847715815816100 20752027048794657606010730346137753177029064 0 0 0 0
201 PASS 4099332709973506676305005785480007121698334 655753673358864707838348326375837807593212 4099332709973506676305005785480007121698334 655753673358864707838348326375837807593212 0 0 0 0
202 PASS 4095065325056706343803467176761193816649891 655319438400609782788424625978872232825359 4095065325056706343803467176761193816649891 655319438400609782788424625978872232825359 0 0 0 0
203 PASS 2033624595447284815620255059176886299320488 651207148328788221821372356641142328524202 2033624595447284815620255059176886299320488 651207148328788221821372356641142328524202 0 0 0 0
204 PASS 68238241410082207588601576922599643439069646 41297206261515946205450305198646083524031685 68238241410082207588601576922599643439069646 41297206261515946205450305198646083524031685 0 0 0 0
205 PASS 34000903558693611619799793146109846621251412 20582462539643413354679000501600116321522083 34000903558693611619799793146109846621251412 20582462539643413354679000501600116321522083 0 0 0 0
206 PASS 8444717474418653488766088146223351551180843 20447179388612005688566446347460841235541336 8444717474418653488766088146223351551180843 20447179388612005688566446347460841235541336 0 0 0 0
207 PASS 8415664709868464117717685782818372694496061 40764013304924009342911184135804611972932114 8415664709868464117717685782818372694496061 40764013304924009342911184135804611972932114 0 0 0 0
208 PASS 33359129589747617527347173747796614188946500 20687509673971062555866960331154996087019330 33359129589747617527347173747796614188946500 20687509673971062555866960331154996087019330 0 0 0 0
209 PASS 8388312666682415205108482388634256745436686 10159471520550107733633841787498115092074521 8388312666682415205108482388634256745436686 10159471520550107733633841787498115092074521 0 0 0 0
210 PASS 16719789573622167505686277824899632544791359 40509860858608156534529422126526657575665929 16719789573622167505686277824899632544791359 40509860858608156534529422126526657575665929 0 0 0 0
211 PASS 33324736064562538574714648379689977707332956 20673136742428410077012956840183461192870950 33324736064562538574714648379689977707332956 20673136742428410077012956840183461192870950 0 0 0 0
212 PASS 8380656036324548833078713919111181751715749 20304516171092513725860375310990964373588183 8380656036324548833078713919111181751715749 20304516171092513725860375310990964373588183 0 0 0 0
213 PASS 4175715088507844411031035440337244672783174 80956486759547376722922253223526935555865274 4175715088507844411031035440337244672783174 80956486759547376722922253223526935555865274 0 0 0 0
214 PASS 16551554236170404775060433701955685268488724 10272339767823265588346395301264706593310691 16551554236170404775060433701955685268488724 10272339767823265588346395301264706593310691 0 0 0 0
215 PASS 2048523818676756439831363017897873955406666 5086498691996335460569895292646532358044246 2048523818676756439831363017897873955406666 5086498691996335460569895292646532358044246 0 0 0 0
216 PASS 33359510339873766794011710437147933153194363 20687736176585317348431116357692681991397142 33359510339873766794011710437147933153194363 20687736176585317348431116357692681991397142 0 0 0 0
217 PASS 8388452306183947532457382801509489673833206 20319322402639362831768260221014025323251391 8388452306183947532457382801509489673833206 20319322402639362831768260221014025323251391 0 0 0 0
218 PASS 8359999529416886316105222009394346546080555 40510467747912538998673191045384082091538663 8359999529416886316105222009394346546080555 40510467747912538998673191045384082091538663 0 0 0 0
219 PASS 33131070530212689401503724343839391276633644 10278227980861267970037558017720799207220643 33131070530212689401503724343839391276633644 10278227980861267970037558017720799207220643 0 0 0 0
220 PASS 4100555177019165136854818533029590550971078 40715615641424526304331036657770154279164441 4100555177019165136854818533029590550971078 40715615641424526304331036657770154279164441 0 0 0 0
221 PASS 16551840126571029285176470146903264904763127 20545019386130119353081878700316278102462550 16551840126571029285176470146903264904763127 20545019386130119353081878700316278102462550 0 0 0 0
222 PASS 8194308296831801810982878698857830986100334 10173222448397183278739893279907476649259199 8194308296831801810982878698857830986100334 10173222448397183278739893279907476649259199 0 0 0 0
223 PASS 16439957735608587382395652015708044245596919 10207918722007208097754160888858484369128615 16439957735608587382395652015708044245596919 10207918722007208097754160888858484369128615 0 0 0 0
224 PASS 8139402079948783326640043741036033169562021 40438508682833148981191533116855952188935980 8139402079948783326640043741036033169562021 40438508682833148981191533116855952188935980 0 0 0 0
225 PASS 33345961610079958392251226984165775352381913 20682055521321194717491573582144987644739940 33345961610079958392251226984165775352381913 20682055521321194717491573582144987644739940 0 0 0 0
226 PASS 8385866366315254163045158418522322387219465 20315598992526542790757589839470492261328003 8385866366315254163045158418522322387219465 20315598992526542790757589839470492261328003 0 0 0 0
227 PASS 4177665462594917320823234946974487879142560 40495945057999998754629891069134798255951771 4177665462594917320823234946974487879142560 40495945057999998754629891069134798255951771 0 0 0 0
228 PASS 16562240428484043055372989133039625641854725 20553693107009818899495243177934726253276402 16562240428484043055372989133039625641854725 20553693107009818899495243177934726253276402 0 0 0 0
229 PASS 8199422101075736534628476956892166722825799 20354978840875494516778229426039088939084390 8199422101075736534628476956892166722825799 20354978840875494516778229426039088939084390 0 0 0 0
230 PASS 33083876365368236788485474904863754004724247 10268359535124290557466257618609292612446844 33083876365368236788485474904863754004724247 10268359535124290557466257618609292612446844 0 0 0 0
231 PASS 2047308664487119675849966450524078156336413 40675892068999195117454987837256425013335798 2047308664487119675849966450524078156336413 40675892068999195117454987837256425013335798 0 0 0 0
232 PASS 16433542241647309555563750342196401499806992 10205229704545602881527413454966399330059072 16433542241647309555563750342196401499806992 10205229704545602881527413454966399330059072 0 0 0 0
233 PASS 8136112454745495870077031010369908970231403 40427487384222063178523666232355343866452068 8136112454745495870077031010369908970231403 40427487384222063178523666232355343866452068 0 0 0 0
234 PASS 16562335664346079679661149287102284488531083 10276903170724948041370006732681241899736996 16562335664346079679661149287102284488531083 10276903170724948041370006732681241899736996 0 0 0 0
235 PASS 4099746531467710079254117268744039845297640 20355128818693909118590597986577482340094498 4099746531467710079254117268744039845297640 20355128818693909118590597986577482340094498 0 0 0 0
236 PASS 16450524626666698340322192472334042839747351 10212358607525284714644950635228536167617198 16450524626666698340322192472334042839747351 10212358607525284714644950635228536167617198 0 0 0 0
237 PASS 8144645753779804737874337691250511263265599 40456135673945106876141167720415107919167543 8144645753779804737874337691250511263265599 40456135673945106876141167720415107919167543 0 0 0 0
238 PASS 16433732942201514488828325534777875168256485 10205342973505854011518526456567040842327488 16433732942201514488828325534777875168256485 10205342973505854011518526456567040842327488 0 0 0 0
239 PASS 8136254541693860462583769826873684506419024 40428087459595618605021729106875516579037574 8136254541693860462583769826873684506419024 40428087459595618605021729106875516579037574 0 0 0 0
240 PASS 3989476562587019630212445911390260729992593 10223068930595789212400251567836292157751525 3989476562587019630212445911390260729992593 10223068930595789212400251567836292157751525 0 0 0 0
241 PASS 33767778643733148728739494422208554744631321 1309233677187295321844537234041680180936336 33767778643733148728739494422208554744631321 1309233677187295321844537234041680180936336 0 0 0 0
242 PASS 8361235260104204655844016569618289470727932 20750006909424733196935757932622254183625750 8361235260104204655844016569618289470727932 20750006909424733196935757932622254183625750 0 0 0 0
243 PASS 8190536214780554305025318293641860267398159 655328892390628693288004467541065291206690 8190536214780554305025318293641860267398159 655328892390628693288004467541065291206690 0 0 0 0
244 PASS 8190536214780554305025318293641860267398159 655328892390628693288004467541065291206690 8190536214780554305025318293641860267398159 655328892390628693288004467541065291206690 0 0 0 0
245 PASS 2031972642191330859259096557022809364241636 162714055611133845752294191942894798303637 2031972642191330859259096557022809364241636 162714055611133845752294191942894798303637 0 0 0 0
246 PASS 8195957627283419289912032995612292696319022 655612057290738115791708418085080996212596 8195957627283419289912032995612292696319022 655612057290738115791708418085080996212596 0 0 0 0
247 PASS 8131793779030650491840485686564937979147471 325531696092592798491523426655589066466063 8131793779030650491840485686564937979147471 325531696092592798491523426655589066466063 0 0 0 0
248 PASS 4066653236474766671215037727960421876436977 651141364852588602261694238521709733694599 4066653236474766671215037727960421876436977 651141364852588602261694238521709733694599 0 0 0 0
249 PASS 2017566195958410605508719127465054790384149 646654239160427151146617896267137089973990 2017566195958410605508719127465054790384149 646654239160427151146617896267137089973990 0 0 0 0
250 PASS 8195957627283419289912032995612292696319022 655612057290738115791708418085080996212596 8195957627283419289912032995612292696319022 655612057290738115791708418085080996212596 0 0 0 0
251 PASS 4066653236474766671215037727960421876436977 651141364852588602261694238521709733694599 4066653236474766671215037727960421876436977 651141364852588602261694238521709733694599 0 0 0 0
252 PASS 8131793779030650491840485686564937979147471 325531696092592798491523426655589066466063 8131793779030650491840485686564937979147471 325531696092592798491523426655589066466063 0 0 0 0
253 PASS 2017566195958410605508719127465054790384149 646654239160427151146617896267137089973990 2017566195958410605508719127465054790384149 646654239160427151146617896267137089973990 0 0 0 0
254 PASS 4069357507794899237398689251793119884880711 325710732415839557924199772343918865466259 4069357507794899237398689251793119884880711 325710732415839557924199772343918865466259 0 0 0 0
255 PASS 4037833354936046379361001822253462467340559 646936251139484763783080767407892103632870 4037833354936046379361001822253462467340559 646936251139484763783080767407892103632870 0 0 0 0
256 PASS 4037833354936046379361001822253462467340559 646936251139484763783080767407892103632870 4037833354936046379361001822253462467340559 646936251139484763783080767407892103632870 0 0 0 0
257 PASS 1001713503273729320245620558181391575025099 642510917419037793509293367177610751830925 1001713503273729320245620558181391575025099 642510917419037793509293367177610751830925 0 0 0 0
258 PASS 33120100646634718760669640930767744304641469 20551775098806709153840500879443815373005189 33120100646634718760669640930767744304641469 20551775098806709153840500879443815373005189 0 0 0 0
259 PASS 4099170507359970663988803433932280689638776 10176543315029922366745793421098380086017831 4099170507359970663988803433932280689638776 10176543315029922366745793421098380086017831 0 0 0 0
260 PASS 32868765881726469024807368237042036037084261 20411049436083888996206539596107139934224590 32868765881726469024807368237042036037084261 20411049436083888996206539596107139934224590 0 0 0 0
261 PASS 4068282238364178091085290016614081549897610 10107194631513590484355385254002551751944082 4068282238364178091085290016614081549897610 10107194631513590484355385254002551751944082 0 0 0 0
262 PASS 32868765881726469024807368237042036037084261 20411049436083888996206539596107139934224590 32868765881726469024807368237042036037084261 20411049436083888996206539596107139934224590 0 0 0 0
263 PASS 4068282238364178091085290016614081549897610 10107194631513590484355385254002551751944082 4068282238364178091085290016614081549897610 10107194631513590484355385254002551751944082 0 0 0 0
264 PASS 996539061699326844085655009393661572369136 1277179564590756880692834786589862387493659 996539061699326844085655009393661572369136 1277179564590756880692834786589862387493659 0 0 0 0
265 PASS 32890295338479336422165757075036823891765805 20420160783053475708254997389599769000007477 32890295338479336422165757075036823891765805 20420160783053475708254997389599769000007477 0 0 0 0
266 PASS 4070976901469148185037958632837845294319193 20223507826661661330131063962792797385321524 4070976901469148185037958632837845294319193 20223507826661661330131063962792797385321524 0 0 0 0
267 PASS 1994048392280153384637050649180380324090933 10220728366510700637994999907491246346743451 1994048392280153384637050649180380324090933 10220728366510700637994999907491246346743451 0 0 0 0
268 PASS 3988895073893135526825321789567048231325984 5111021474653634428513412592762474355985820 3988895073893135526825321789567048231325984 5111021474653634428513412592762474355985820 0 0 0 0
269 PASS 3958442617628452601921022748085460663555925 10152297149033625606865261781295090681362249 3958442617628452601921022748085460663555925 10152297149033625606865261781295090681362249 0 0 0 0
270 PASS 32890295338479336422165757075036823891765805 20420160783053475708254997389599769000007477 32890295338479336422165757075036823891765805 20420160783053475708254997389599769000007477 0 0 0 0
271 PASS 4070976901469148185037958632837845294319193 20223507826661661330131063962792797385321524 4070976901469148185037958632837845294319193 20223507826661661330131063962792797385321524 0 0 0 0
272 PASS 3988895073893135526825321789567048231325984 5111021474653634428513412592762474355985820 3988895073893135526825321789567048231325984 5111021474653634428513412592762474355985820 0 0 0 0
273 PASS 1994048392280153384637050649180380324090933 10220728366510700637994999907491246346743451 1994048392280153384637050649180380324090933 10220728366510700637994999907491246346743451 0 0 0 0
274 PASS 3958442617628452601921022748085460663555925 10152297149033625606865261781295090681362249 3958442617628452601921022748085460663555925 10152297149033625606865261781295090681362249 0 0 0 0
275 PASS 1995791024836646324388057801036220669746817 5113247525835270746155097812073473477160867 1995791024836646324388057801036220669746817 5113247525835270746155097812073473477160867 0 0 0 0
276 PASS 3961150243115631377482686792225792307642701 10156816648914551040126375066285798936080630 3961150243115631377482686792225792307642701 10156816648914551040126375066285798936080630 0 0 0 0
277 PASS 3961150243115631377482686792225792307642701 10156816648914551040126375066285798936080630 3961150243115631377482686792225792307642701 10156816648914551040126375066285798936080630 0 0 0 0
278 PASS 3931269961852912804290486951894545407023222 10088105698821167206181424140947209534564646 3931269961852912804290486951894545407023222 10088105698821167206181424140947209534564646 0 0 0 0
