RUNG 128 -80 (-80) (-80) (-80) (-80) (-80) (-80) (-80)
0 NEG -39899641124942331815258398552706284091488899408943410746771799216580526049032386312877583999124355263678067319501956707005919811664046600969297776042979705197667811328 -546 9433584887784091440199691029173883623587746 9433584887784091440199691029173883623587746 1153437688406796784244047395759195612193466511351 9433584887784091440199691029173883623587746 9433584887784091440199691029173883623587746 1153437688406796784244047395759195612193466511351 9433584887784091440199691029173883623587746 9433584887784091440199691029173883623587746 1153437688406796784244047395759195612193466511351
1 NEG -4911450640576587398789662386764778271236517214494258144048998191208019830511288418001132621964585002375045065986311039783502787935796509753639500761478494393976546186493952 -546 6859148102878154768209525347055832657342293 6859148102878154768209525347055832657342293 815095532703484777537587895514075891793718040581 6859148102878154768209525347055832657342293 6859148102878154768209525347055832657342293 815095532703484777537587895514075891793718040581 6859148102878154768209525347055832657342293 6859148102878154768209525347055832657342293 815095532703484777537587895514075891793718040581
2 NEG -3546390948572189680508719744245983301137066199048122386304725857191906989933717667681977874672675715722459861249886953284148998678354819512182207907874100445380712857600 -553 49438538371154303600146351383626941176842308 49438538371154303600146351383626941176842308 12153435880298404175417430983628312165510395894011 49438538371154303600146351383626941176842308 49438538371154303600146351383626941176842308 12153435880298404175417430983628312165510395894011 49438538371154303600146351383626941176842308 49438538371154303600146351383626941176842308 12153435880298404175417430983628312165510395894011
3 NEG -582272465049384470963432384830147209442718966585037560186295962550077000237910344812392242218130218394545548544641745322718090521342552514210040191044248720122287489024 -546 6416727490761427273606003041928318158739198 6416727490761427273606003041928318158739198 776034307768387305943928574724592994718256984143 6416727490761427273606003041928318158739198 6416727490761427273606003041928318158739198 776034307768387305943928574724592994718256984143 6416727490761427273606003041928318158739198 6416727490761427273606003041928318158739198 776034307768387305943928574724592994718256984143
4 NEG -18403671997664621007219489941624384090884436370200582955593085504325840499449963056451772447052736543070207633931018314641834995054794726411518964131223450609688510464 -546 6122837003145916127278953238379731238569752 6122837003145916127278953238379731238569752 730231636695528028871223036871478292371060305609 6122837003145916127278953238379731238569752 6122837003145916127278953238379731238569752 730231636695528028871223036871478292371060305609 6122837003145916127278953238379731238569752 6122837003145916127278953238379731238569752 730231636695528028871223036871478292371060305609
5 NEG -2454448274156966685317164436964384324437781599831223172711977703232320130738357983179284705594207316926356510751159079073791343545006360859728320937073250252521578954752 -546 6683314905678755379000071844168803559207180 6683314905678755379000071844168803559207180 809604722675707978510706733112703928136094080190 6683314905678755379000071844168803559207180 6683314905678755379000071844168803559207180 809604722675707978510706733112703928136094080190 6683314905678755379000071844168803559207180 6683314905678755379000071844168803559207180 809604722675707978510706733112703928136094080190
6 NEG -2514012142913289258791227548515485368228665352283876191294858587212977081250126481287198176601105958859539149830431810263606653188903957075321855024563599747187216482304 -553 50745254706716120934697582829508174095425428 50745254706716120934697582829508174095425428 12486967109530478489865113480939951687625597152788 50745254706716120934697582829508174095425428 50745254706716120934697582829508174095425428 12486967109530478489865113480939951687625597152788 50745254706716120934697582829508174095425428 50745254706716120934697582829508174095425428 12486967109530478489865113480939951687625597152788
7 NEG -2365911099646906485548120836323180580293327411100023174589793835228867295871750366386740041575844564569740717949287005686628352743759716206381652570718176257537929641984 -546 7614987010585779727373076550132762030530416 7614987010585779727373076550132762030530416 912914925741885780191603771356291278422504417021 7614987010585779727373076550132762030530416 7614987010585779727373076550132762030530416 912914925741885780191603771356291278422504417021 7614987010585779727373076550132762030530416 7614987010585779727373076550132762030530416 912914925741885780191603771356291278422504417021
8 NEG -3606600115128431835978087781221847878605653539436825598187024883909681360170217352140413950544783308496137114960717885860097777285570520477265283205216440923202772795392 -553 56548212281562397254087020811862255532612589 56548212281562397254087020811862255532612589 13934135443340984400989667533848808872280734331494 56548212281562397254087020811862255532612589 56548212281562397254087020811862255532612589 13934135443340984400989667533848808872280734331494 56548212281562397254087020811862255532612589 56548212281562397254087020811862255532612589 13934135443340984400989667533848808872280734331494
9 NEG -6685882110776637020239935373997219944787978790658652659594314696628169513657353565293169142107778845284462528173727012212875759285982387703138779313039192187496768208896 -553 48159768289830093433733441663100988536690371 48159768289830093433733441663100988536690371 11815039985211453073688272140217690785881768335759 48159768289830093433733441663100988536690371 48159768289830093433733441663100988536690371 11815039985211453073688272140217690785881768335759 48159768289830093433733441663100988536690371 48159768289830093433733441663100988536690371 11815039985211453073688272140217690785881768335759
10 NEG -15580233673084123918960612185889922803547941254178833075584779579843474282659651044364641073927138195215320713150682046944160635127124519409480849866137306188098830336 -546 6010825194074628877766878684947682051389405 6010825194074628877766878684947682051389405 725637309825998822040296161880011311145457275230 6010825194074628877766878684947682051389405 6010825194074628877766878684947682051389405 725637309825998822040296161880011311145457275230 6010825194074628877766878684947682051389405 6010825194074628877766878684947682051389405 725637309825998822040296161880011311145457275230
11 NEG -16077536666511375216527254237350433104656801124238830950368447148940048602380700433193057700551585243829735973687943215552693326256474037616826453231612715061036974080 -546 6492381525762038104243112874758627016888479 6492381525762038104243112874758627016888479 785774265785565996692909947511623197377729370778 6492381525762038104243112874758627016888479 6492381525762038104243112874758627016888479 785774265785565996692909947511623197377729370778 6492381525762038104243112874758627016888479 6492381525762038104243112874758627016888479 785774265785565996692909947511623197377729370778
12 NEG -3787087896590814740496377525195512416182144281945072590494969070972638100296012915487624534034362718922972822376201480661145087036879759418057039335217340673726861017088 -553 47805153744037286553938718505694046329950809 47805153744037286553938718505694046329950809 11774050606650219632867952337452925725684526534438 47805153744037286553938718505694046329950809 47805153744037286553938718505694046329950809 11774050606650219632867952337452925725684526534438 47805153744037286553938718505694046329950809 47805153744037286553938718505694046329950809 11774050606650219632867952337452925725684526534438
13 NEG -227176676840040497568540317679248493381227027431027795936728705535620795246961463145856894870978717609463794098259406274391989396663322287376312686546729614921116418048 -546 5790969733457398326201886830172559474527248 5790969733457398326201886830172559474527248 699306452494975290142463582357972639367326032134 5790969733457398326201886830172559474527248 5790969733457398326201886830172559474527248 699306452494975290142463582357972639367326032134 5790969733457398326201886830172559474527248 5790969733457398326201886830172559474527248 699306452494975290142463582357972639367326032134
14 NEG -2585741318637358747895591479052466599285872604978134415813720998094820093351078835311757835530293303830878477515826084077123056852952589672937852219372616479094310174720 -553 48739419299931122078981125690994603417598932 48739419299931122078981125690994603417598932 11984142156442395567908857143826357373441520664112 48739419299931122078981125690994603417598932 48739419299931122078981125690994603417598932 11984142156442395567908857143826357373441520664112 48739419299931122078981125690994603417598932 48739419299931122078981125690994603417598932 11984142156442395567908857143826357373441520664112
15 NEG -314441239943050726858451993929627746083659955257361660668824908329686827257712956933345235969862774386239850818322352492051337756424585143674955946437075811448806965248 -546 5549559304143460007025641987238054308712463 5549559304143460007025641987238054308712463 669500917060752947318037690806605586582973086950 5549559304143460007025641987238054308712463 5549559304143460007025641987238054308712463 669500917060752947318037690806605586582973086950 5549559304143460007025641987238054308712463 5549559304143460007025641987238054308712463 669500917060752947318037690806605586582973086950
16 NEG -16762374455397379956926659690628821810823232001314885985744912345610955383865528363766330532802793959528642452268283796343026090159635749876392965694040800352639385600 -546 5801454186357811333191198712114977797032016 5801454186357811333191198712114977797032016 700344931210457886791544134703865974242470648845 5801454186357811333191198712114977797032016 5801454186357811333191198712114977797032016 700344931210457886791544134703865974242470648845 5801454186357811333191198712114977797032016 5801454186357811333191198712114977797032016 700344931210457886791544134703865974242470648845
17 NEG -7365972806201879834359797386498036286115135033517770869909311891026150389616215840576334358540462496834450262253608856096824970619810176684900005670381881945886642143232 -553 41391277057596065573792114960966793655514988 41391277057596065573792114960966793655514988 10149910506179271704804138537474352656558392843754 41391277057596065573792114960966793655514988 41391277057596065573792114960966793655514988 10149910506179271704804138537474352656558392843754 41391277057596065573792114960966793655514988 41391277057596065573792114960966793655514988 10149910506179271704804138537474352656558392843754
18 NEG -32268925957016874053792337768003430821078035879215209084887795911558187382206571567027308594441071136007827935961594609366235395355230744604865684057597686165242193641472 -553 38722274894978906767127371001245853282112085 38722274894978906767127371001245853282112085 9473773474728460436690569039610845648467314136101 38722274894978906767127371001245853282112085 38722274894978906767127371001245853282112085 9473773474728460436690569039610845648467314136101 38722274894978906767127371001245853282112085 38722274894978906767127371001245853282112085 9473773474728460436690569039610845648467314136101
19 NEG -8164120872115076469415194108230856541362552832873365559811801193538121005330448605777656886489829112108652423608869051006623399288751664128285001697304339563491048292352 -553 40637214653020650961972868549068126455490601 40637214653020650961972868549068126455490601 9967340978661660573822850272043912487374847672034 40637214653020650961972868549068126455490601 40637214653020650961972868549068126455490601 9967340978661660573822850272043912487374847672034 40637214653020650961972868549068126455490601 40637214653020650961972868549068126455490601 9967340978661660573822850272043912487374847672034
