RUNG 128 -80 (-80) (-80) (-80) (-80) (-80) (-80) (-80)
0 PASS 11871729256053467357638071024856530435803597004952067933282113551865940877018547720718604761184014989537717177015026020226500256586581664298523936728968729445746306065195856461177659612407347399570294308864 -682 395358989154285186146491279829791604279813 93250317514592560731441416803864450113205 0 9433584887784091440199691029173883623587746 9433584887784091440199691029173883623587746 1153437688406796784244047395759195612193466511351
1 PASS 7246224495167796194720719722223719210731891248715895024825043490240499153113436307642804208238126319095899139605773588744837955318603681311655419300613776110123196258505315918696494280037040409914405552128 -682 226891664761728283795575731806687714694460 71826366513569460639083117071770056394078 0 6859148102878154768209525347055832657342293 6859148102878154768209525347055832657342293 815095532703484777537587895514075891793718040581
2 PASS 25639393317506311686311572611167963582361916385839854411342929601169682209629401672094196835522541591107528423352585598703967647118779855631894152025163025565518746229731650299790682906353471024077868827148288 -693 63354448336461652142816230158309645770953 1959777925744018221989176698773698515695594 0 49438538371154303600146351383626941176842308 49438538371154303600146351383626941176842308 12153435880298404175417430983628312165510395894011
3 PASS 10098743657243590296031579292253517243398151842402253230237867543238413154633850411428494468534567968029950453756125813667180736056336680862672969289871723484481654507061734115923433290394179425581582516224 -682 240702500583842448090664177406944882146899 261730079359907561630711933254886270962264 0 6416727490761427273606003041928318158739198 6416727490761427273606003041928318158739198 776034307768387305943928574724592994718256984143
4 NEG -1418125525867483371468713780179637989983226277185827224056808382333559548538899381830411274778229301257567919834713139307399268650409425275100225315416623965311860736 -546 25101481103876316078363084219958154898647 514115761679925685157977877196975628563982 0 6122837003145916127278953238379731238569752 6122837003145916127278953238379731238569752 730231636695528028871223036871478292371060305609 6122837003145916127278953238379731238569752 6122837003145916127278953238379731238569752 730231636695528028871223036871478292371060305609
5 PASS 9283408593067871377619121235617821951039640943447467712292995938401920416557702814480980546009093647934898451874429517082603692725930397888006208725355544020007952462346846434473926377508656563719713587200 -682 257448823955973410059582356661730219119767 270832352457177322655861832511710697928625 0 6683314905678755379000071844168803559207180 6683314905678755379000071844168803559207180 809604722675707978510706733112703928136094080190
6 PASS 26691257992800538649530334710841179339255035705304956160691552856000243323217840714644496408310543301738742203695556123355966127548128722542727734395252485659589360367168411115417282514995472369213522212552704 -693 132298097571431014226722233352863525884519 2001562252423501932152709991170174962366091 0 50745254706716120934697582829508174095425428 50745254706716120934697582829508174095425428 12486967109530478489865113480939951687625597152788
7 PASS 9340647022938367277629154974083643211995853180015565585660413007239777381490592558297260351169663508011327269650537233959135572189433328345077217317806550934724723506399338379701144867600274659568485662720 -682 130730525830798193510618735819568026481745 316633764226234744102376877595599690477953 0 7614987010585779727373076550132762030530416 7614987010585779727373076550132762030530416 912914925741885780191603771356291278422504417021
8 PASS 25485264890483427150888845775039237761703955092860057885620697379176538765004523183626970347693615211670571990591212396303561739884687476894815539763414482585841661227187408222162553606559693296688498078646272 -693 1181260182380473227731381882506534746141211 557104227031781425905906487096759907054778 0 56548212281562397254087020811862255532612589 56548212281562397254087020811862255532612589 13934135443340984400989667533848808872280734331494
9 PASS 24596078629341062509906805601074820269804934323021980623766802241487792268439378270575066905475046680170616550438468919441412939913863230410932664765215228502205865191393480870057389667621029719268989289365504 -693 490621249074928841524651825640352180743579 956265827291474912173755834626768451329191 0 48159768289830093433733441663100988536690371 48159768289830093433733441663100988536690371 11815039985211453073688272140217690785881768335759
10 NEG -779952581869470332586669363472454271302766155895722093694272520553581639184171518597835033745142513369466150473596325614629373884718057074758048081544928563868729344 -546 221978257455310755589509145712860814256949 246327577968159795007362462149395088526019 0 6010825194074628877766878684947682051389405 6010825194074628877766878684947682051389405 725637309825998822040296161880011311145457275230 6010825194074628877766878684947682051389405 6010825194074628877766878684947682051389405 725637309825998822040296161880011311145457275230
11 NEG -903387458663457435749472306905705248698025048730444592254627759149422882651377063528137121620480815660969177872074051739647646298578235288125235617687363631886368768 -546 246896050776223748861996322864861474812369 132025421758930139468739887183883662502888 0 6492381525762038104243112874758627016888479 6492381525762038104243112874758627016888479 785774265785565996692909947511623197377729370778 6492381525762038104243112874758627016888479 6492381525762038104243112874758627016888479 785774265785565996692909947511623197377729370778
12 PASS 25179307771549737037841806045170782899604741705797158690612625558202044381545678886442535455788177972514563684293307504104611016639585624198954381666338752842425183865456996634359300170496285199815273634332672 -693 493494833781487427816851233565798247054411 945920361896703038756129456301950109518202 0 47805153744037286553938718505694046329950809 47805153744037286553938718505694046329950809 11774050606650219632867952337452925725684526534438
13 PASS 10446464399788798875985593839957163281395005921226481100428356115289603678574740970341477946687824817689209525188969017470286711816883243966211881790516832585590117184475289841126805987214350079232535691264 -682 25643836409566686323328918231421 471529582221362163241732053753199946515183 0 5790969733457398326201886830172559474527248 5790969733457398326201886830172559474527248 699306452494975290142463582357972639367326032134
14 PASS 26576272045542926298787796517014735969698333716481891473685609323658400070353042891961801352536651789656117198421842454017502354910250057582164379175917734861043556217438636706257558957712991637122617154994176 -693 1006812528463669891103674303328700043277274 241020860580875115288479618392428294250729 0 48739419299931122078981125690994603417598932 48739419299931122078981125690994603417598932 11984142156442395567908857143826357373441520664112
15 PASS 10297343278051778282832567277768149065473692682146831408637689461908771939573235361307161986149918911625873365364031662184271955812816593191995283940182643297271427921215648963289228680579746668730055131136 -682 210617227274291985978333792396823863548404 226033559156858452363901341453459543909585 0 5549559304143460007025641987238054308712463 5549559304143460007025641987238054308712463 669500917060752947318037690806605586582973086950
16 NEG -1070093395699177191313331532102195992173769145856272913679067663031719104455044458050942085221059630525225759519392469856115943452410617212669323405861157685400961024 -546 218663546907024994239377778298366835378147 236658651080654121492405166544816336603176 0 5801454186357811333191198712114977797032016 5801454186357811333191198712114977797032016 700344931210457886791544134703865974242470648845 5801454186357811333191198712114977797032016 5801454186357811333191198712114977797032016 700344931210457886791544134703865974242470648845
17 PASS 24137553451256234351587889673821347343427282642303167325854431170965464470571619634921876402974455773085875372175223575434013696633080339345764035399708577427879847178373180462357931395140156521019741894082560 -693 415642332825140443352833636295958136345226 825699544545053249425353421040100181760653 0 41391277057596065573792114960966793655514988 41391277057596065573792114960966793655514988 10149910506179271704804138537474352656558392843754
18 PASS 21724264355165326912860365023923628105441201173825222434637098856710545491191529217275757436366961063537077044716669430331503283239927046155160478120890141648067354978545416101263911257858524744444908702531584 -693 370696136999988455309663662787127147028411 782055873565062235278353374570899369291853 0 38722274894978906767127371001245853282112085 38722274894978906767127371001245853282112085 9473773474728460436690569039610845648467314136101
19 PASS 23886878385932224163879014774407141066627914541832119778849074940274502712888071024635092181364704976742485062415511332522772250621724968307721736624228725005395559419985346892304166914510583537306735325741056 -693 819331396665582136779910559224540263446065 809874597501287338994470211811851935828172 0 40637214653020650961972868549068126455490601 40637214653020650961972868549068126455490601 9967340978661660573822850272043912487374847672034
